-0.07641
0.13188
0.19156
0.25711
0.13794
0.18202
0.1223
0.15485
-0.09062
0.10496
0.09422
0.07995
0.02869
0.04903
0.15703
-0.049
0.06419
0.07443
0.2165
0.21558
0.14075
0.10415
0.12123
0.04852
0.09431
0.08353
0.16763
0.10976
0.10794
-0.02457
0.2687
0.19437
0.15145
0.02885
0.06098
-0.01234
0.04724
0.06948
0.07327
0.11391
0.09226
-0.00934
0.11581
0.1544
-0.00332
0.07756
0.07237
0.0569
0.02537
0.06716
0.1103
0.06385
0.05394
0.15869
0.039
0.03598
0.10987
0.10878
0.06537
0.05438
0.086
0.16672
0.12765
0.23218
0.17101
0.19032
0.13702
0.1101
0.09621
0.10112
-0.03375
0.08385
0.09212
0.09488
0.1753
0.21261
0.25112
0.25165
0.29294
0.04175
0.11164
0.12495
0.1277
0.05747
0.06444
0.2435
0.17153
0.12401
0.15314
0.21046
0.25568
0.05055
0.08608
0.08615
0.02505
-0.07373
0.08599
0.10939
0.10142
0.01226
0.20687
0.33959
0.22701
0.19395
0.11119
0.08212
0.0522
0.074
0.07843
0.1429
0.18631
0.06377
0.116
0.33206
0.31494
-0.30028
0.14596
0.06204
0.08044
0.03779
0.08855
0.13001
0.11948
0.16911
0.20328
0.2603
0.13796
0.07035
0.10107
0.11276
0.03796
0
0.13659
0.21195
0.24958
0.29677
0.30754
-0.10054
-0.05174
0
0.17423
0.16697
0.13002
0.11899
0.16403
0.20252
0.21727
0.23188
0.1295
-0.13766
-0.05222
0.03975
0.18222
0.06006
0.10644
0.04106
0.05952
0.16947
0.08181
0.21966
0.16859
-0.03752
0.06015
0.01285
0.15085
0.0209
0.01574
0.15533
0.11725
0.20493
0.23047
0.2455
0.21194
-0.14347
0.01376
0.02459
0.15972
0.15791
0.13991
0.14545
0.14858
0.18952
0.21181
0.23301
0.13613
0.03816
0.01158
0.1151
0.14936
0.18698
0.17036
0.11932
0.15266
0.19532
0.21774
0.16193
0.20274
0.35534
0.13994
0.14811
-0.00107
0.04501
0.04307
0.06999
0.12697
0.09834
0.12335
0.16141
0.20369
0.14141
0.23305
-0.08215
0.12956
0.05859
0.07734
0.10706
0.0883
0.19291
0.21467
0.2311
0.12239
0.12867
0.23345
-0.1887
-0.09567
0.06597
0.08149
0.02789
0.0759
0.1079
0.13492
0.17342
0.0825
0.21947
-0.02228
-0.26566
-0.05054
0.07824
0.08749
0.06629
0.10534
0.06172
0.06213
0.18188
0.17189
0.2242
0.17644
-0.19461
0.14277
0.10526
0.10869
0.08727
-0.02105
0.10632
0.20175
0.15259
0.27409
-0.16167
0.22094
0.1706
-0.08571
0.10514
0.04268
0.12492
0.10777
0.17562
0.20319
0.14225
0.21321
0.24557
0.24995
-0.09993
0.06401
0.0865
-0.01805
0.02288
0.0667
0.16107
0.11345
-0.01292
0.17079
0.14112
0.12406
0.05516
0.13329
0.08636
0.11981
0.04953
0.13544
0.1929
0.14444
0.14049
0.25958
0.05888
0.01417
-0.41437
-0.04686
0.09531
0.07631
0.06721
0.11766
0.14674
0.10836
0.13546
0.1986
0.32962
0.28756
-0.05183
0.03866
0.03176
0.00963
0.06122
0.04995
0.15555
-0.07713
0.18356
0.03934
-0.12329
0.22453
-0.09444
0.1552
0.14252
0.11269
0.06256
0.12945
0.11583
0.2545
0.22801
0.20768
0.22742
0.22676
0.23115
0.16165
0.1418
0.0528
0.10024
-0.0414
0.16559
0.15424
0.17341
0.19114
0.2825
0.09603
0.10219
0.16154
0.04927
0.10548
0
0
0
0
0
0
0
0
0
0
0
0
0
0
0
0
0
0
0
0
0
0
0
0
0
0
0
0
0
0
0
0
0
0
0
0
0
0
0
0
0
0
0
0
0
0
0
0
0
0
0
0
0
0
0
0
0
0
0
0
0
0
0
0
0
0
0
0
0
0
0
0
0
0
0
0
0
0
0
0
0
0
0
0
0
