12.18724
11.41574
11.09537
13.15904
12.36355
13.67617
14.25362
15.709
14.35422
13.88477
13.24939
12.0472
12.55673
11.42567
11.14173
12.43751
12.53909
13.08368
13.50077
13.96708
13.21682
12.73884
12.28489
11.08175
11.77328
10.73563
10.52574
11.76422
12.04981
12.67938
12.99996
13.52473
12.91979
12.4213
12.06442
10.9738
11.62582
10.69852
10.4785
11.62379
11.968
12.59471
12.96423
13.52087
12.88059
12.46151
12.14771
11.06525
11.62341
10.72007
10.45762
11.6795
11.96808
12.66242
12.8479
13.43787
12.954
12.47056
12.19276
11.09627
11.66026
10.7492
10.54407
11.60889
11.94836
12.49728
12.75511
13.36066
12.79301
12.32303
11.9984
10.91744
11.30727
11.37128
10.52144
10.21366
11.58179
12.10736
12.34491
13.09607
12.4816
11.97844
11.82495
10.59905
11.27731
10.49799
10.30115
11.49083
11.68387
12.32159
12.50758
13.07358
12.65837
12.15428
12.07503
11.07633
11.5825
10.77704
10.4756
11.5714
11.96283
12.49895
12.77556
13.33275
12.82207
12.38366
12.22875
11.11533
11.82018
10.88486
10.73246
11.86377
12.16628
12.65646
12.95559
13.44263
12.91146
12.5494
12.09867
11.17986
11.81248
10.95147
10.67905
11.70431
12.16059
12.45091
12.78621
13.39927
12.89621
12.5186
12.18578
11.10506
11.97018
10.97844
10.84238
11.97325
12.16942
12.66977
13.0534
13.66937
13.04531
12.58194
12.30166
11.39667
12.07612
11.13139
10.92346
11.93595
12.32472
12.92547
12.90206
13.75529
13.05566
12.50694
12.3714
11.38994
11.8905
11.16558
10.93627
11.98533
12.27847
12.71708
12.97159
13.50971
12.99161
12.41182
12.27304
11.36176
11.97516
11.01967
10.89504
12.09209
12.27119
12.82089
12.91443
13.37664
13.08184
12.5925
12.30228
11.37908
12.3498
11.29276
11.20564
12.21514
12.64937
13.01641
13.30237
13.93532
13.35111
12.98416
12.68483
11.79612
12.42921
11.78866
11.50956
12.69535
12.78221
13.49548
13.66173
14.30702
13.70567
13.25003
13.03304
12.07808
12.59955
12.11327
11.84871
12.80358
13.04463
13.6275
13.98366
14.34813
13.72328
13.4202
13.37317
12.05583
12.88499
11.98138
11.63656
12.85019
13.09952
13.43113
13.77868
14.22335
13.71273
13.28197
13.0356
11.97664
12.76554
11.96165
11.97875
12.95157
13.16448
13.89996
13.99819
14.39979
13.86353
13.36495
13.40702
12.56336
13.10851
12.34037
11.99092
13.31445
13.3397
13.81064
14.21266
14.76824
14.04558
13.59871
13.62237
12.56256
13.26187
12.44364
12.05312
13.20102
13.68159
14.13872
14.33813
14.75308
14.18188
13.80536
13.5741
12.56837
13.03746
12.37779
12.20469
13.42207
13.6174
14.13079
14.45034
14.79882
14.45979
13.94637
13.83919
12.80873
13.37647
12.65428
12.5516
13.62594
14.09131
14.4579
14.53773
15.25286
14.56003
14.063
13.97612
13.11621
13.82864
13.07679
12.84004
13.8265
14.14487
14.74371
14.95167
15.292
14.90054
14.49917
14.29104
13.32652
13.84237
13.04236
13.07881
13.92292
14.371
14.63164
15.11592
15.58271
14.81969
14.40637
14.17375
13.30592
13.87443
13.21923
13.03638
13.85165
14.30954
14.6141
14.8048
15.39152
14.89957
14.52538
14.21246
13.31488
14.09891
13.31885
12.92657
14.23039
14.73472
14.94405
15.29125
15.61754
15.28958
14.83755
14.75027
13.73116
14.26189
13.61128
13.3546
14.59493
14.96958
15.53708
15.5097
16.14103
15.70844
15.00736
14.77611
13.88433
14.64747
14.15792
13.67864
14.91451
15.20927
15.76609
16.0328
16.24891
15.95614
15.15386
15.12457
14.16961
14.87856
14.1037
13.79683
14.77858
15.14766
15.67191
15.83854
16.18182
15.733
15.30317
15.47314
14.23594
14.79122
14.17723
13.88684
15.05405
15.503
16.07856
16.03041
16.5273
16.19118
15.70948
15.22548
14.51493
15.02547
14.2199
14.17015
15.07866
15.57157
16.15346
16.05494
16.76541
16.29531
15.71219
15.66852
14.54394
15.30803
14.61514
14.36904
15.38174
15.88662
16.18062
16.42247
16.82399
16.34959
15.75739
15.72961
14.65063
15.48011
14.61753
14.20567
15.53962
15.78076
16.39594
16.43358
16.86561
16.56774
15.89137
15.88199
15.00739
15.45985
14.4341
14.68808
15.92913
16.16169
16.70658
16.61422
17.42653
17.00659
16.22558
16.34421
15.51704
11.46489
10.68813
10.37928
12.38673
11.65594
13.67617
14.25362
15.709
14.35422
13.12574
12.50888
11.31957
11.83426
10.72102
10.44436
11.72639
11.83973
13.08368
13.50077
13.96708
13.21682
12.05435
11.61197
10.42765
11.11005
10.08932
9.881486
11.10342
11.38849
12.67938
12.99996
13.52473
12.91979
11.75668
11.40638
10.32767
10.93674
10.01662
9.802215
10.94158
11.28302
12.59471
12.96423
13.52087
12.88059
11.78029
11.46878
10.39692
10.95464
10.05893
9.803063
11.01172
11.30057
12.66242
12.8479
13.43787
12.954
11.80048
11.52489
10.44131
11.0034
10.10206
9.898695
10.95681
11.2926
12.49728
12.75511
13.36066
12.79301
11.66367
11.34396
10.27464
10.67037
10.68649
9.874406
9.636077
10.94087
12.10736
12.34491
13.09607
12.4816
11.33634
11.182
9.979967
10.65011
9.877505
9.682025
10.85678
11.0546
12.32159
12.50758
13.07358
12.65837
11.52321
11.44008
10.45191
10.95934
10.16164
9.8668
10.9514
11.3359
12.49895
12.77556
13.33275
12.82207
11.75528
11.6011
10.50526
11.20095
10.28106
10.12685
11.24471
11.54434
12.65646
12.95559
13.44263
12.91146
11.92352
11.48769
10.57595
11.20206
10.35194
10.0834
11.09915
11.54341
12.45091
12.78621
13.39927
12.89621
11.89875
11.57614
10.51278
11.36073
10.38835
10.25028
11.36705
11.56509
12.66977
13.0534
13.66937
13.04531
11.97229
11.69936
10.80232
11.47377
10.54538
10.33876
11.3418
11.72176
12.92547
12.90206
13.75529
13.05566
11.90658
11.77138
10.80216
11.30359
10.58458
10.35788
11.39515
11.68376
12.71708
12.97159
13.50971
12.99161
11.81933
11.68084
10.77847
11.38683
10.44914
10.32168
11.4994
11.67948
12.82089
12.91443
13.37664
13.08184
11.99719
11.71591
10.80415
11.75398
10.72079
10.63077
11.63161
12.05589
13.01641
13.30237
13.93532
13.35111
12.38882
12.09869
11.21921
11.8476
11.21013
10.93764
12.10616
12.19897
13.49548
13.66173
14.30702
13.70567
12.65684
12.44503
11.50211
12.02396
11.53363
11.27481
12.22296
12.46234
13.6275
13.98366
14.34813
13.72328
12.82716
12.77655
11.48667
12.30088
11.41193
11.07583
12.26953
12.51607
13.43113
13.77868
14.22335
13.71273
12.69645
12.45627
11.41472
12.19152
11.39931
11.40922
12.37462
12.58727
13.89996
13.99819
14.39979
13.86353
12.78652
12.82214
11.98517
12.52956
11.77084
11.43126
12.73125
12.76423
13.81064
14.21266
14.76824
14.04558
13.01887
13.03708
11.99389
12.68561
11.87938
11.50082
12.63272
13.10136
14.13872
14.33813
14.75308
14.18188
13.22419
12.99767
12.00577
12.4763
11.82162
11.6501
12.84845
13.04374
14.13079
14.45034
14.79882
14.45979
13.36462
13.25777
12.2429
12.80904
12.09542
11.99238
13.05518
13.51026
14.4579
14.53773
15.25286
14.56003
13.48993
13.40239
12.55034
13.25463
12.51175
12.2801
13.25838
13.57214
14.74371
14.95167
15.292
14.90054
13.91679
13.71258
12.7599
13.27561
12.48677
12.51649
13.35817
13.79616
14.63164
15.11592
15.58271
14.81969
13.83183
13.60346
12.74313
13.30854
12.65804
12.47733
13.29094
13.73811
14.6141
14.8048
15.39152
14.89957
13.94912
13.64452
12.7569
13.53011
12.76102
12.38103
13.66397
14.15711
14.94405
15.29125
15.61754
15.28958
14.26231
14.17446
13.1696
13.69957
13.05445
12.80422
14.02666
14.39533
15.53708
15.5097
16.14103
15.70844
14.43738
14.21108
13.32863
14.08169
13.59095
13.12692
14.34524
14.63696
15.76609
16.0328
16.24891
15.95614
14.58625
14.55336
13.609
14.30925
13.54374
13.24437
14.21778
14.58037
15.67191
15.83854
16.18182
15.733
14.73263
14.89194
13.67657
14.22961
13.61962
13.33673
14.48911
14.9293
16.07856
16.03041
16.5273
16.19118
15.13169
14.6612
13.95234
14.46203
13.66756
13.61559
14.51898
15.00134
16.15346
16.05494
16.76541
16.29531
15.13993
15.09358
13.98625
14.74002
14.05383
13.81322
14.8171
15.31119
16.18062
16.42247
16.82399
16.34959
15.18857
15.15716
14.09328
14.90959
14.0598
13.65948
14.97229
15.21216
16.39594
16.43358
16.86561
16.56774
15.32289
15.31006
14.44369
14.89792
13.89215
14.13348
15.35826
15.59084
16.70658
16.61422
17.42653
17.00659
15.65866
15.76946
14.94831
