0.10442
0.14151
0.18953
0.28811
0.27188
0.20371
0.31375
0.0646
0.17929
0.17378
0.12526
0.06993
0.31332
0.05078
-0.04324
0.06629
0.11343
0.12955
0.1342
0.15732
0.24817
0.31198
0.26752
0.35318
0.2769
0.03964
-0.04427
0.00246
0.07964
0.1347
0.13841
0.15148
0.24818
0.19446
0.3004
0.22977
0.31261
0.16675
0.18682
0.13373
0.10606
0.10777
0.14885
0.21662
0.23316
0.25839
0.25613
0.37624
0.3
0.23315
0.08211
0.08979
0.0616
0.07189
0.08061
0.1127
0.18499
0.19343
0.18665
0.31189
0.21374
-0.0666
0.16435
0.04075
0.08229
0.11317
0.1413
0.20589
0.24038
0.30294
0.28143
0.04807
0.30335
-0.09493
-0.02775
0.07674
0.09104
0.04153
0.06574
0.1059
0.15523
0.22413
0.21796
0.10821
0.19187
0.01453
0.06625
0.14159
0.14487
-0.01705
-0.12668
0.03969
0.09118
0.10884
0.07164
0.11399
0.04049
-0.05102
0.1456
0.16818
0.16425
0.19846
-0.08021
0.15411
0.10745
0.09338
0.09205
0.02208
0.13898
0.22561
0.04517
0.26658
-0.08498
0.2468
0.00338
0.06681
0.0944
0.04556
0.11665
0.10427
0.15226
0.21763
0.11163
0.20386
0.20521
0.22066
-0.14263
0.06704
0.09571
-0.00445
0.14756
-0.18126
0.03591
0.08595
0.14195
0.09097
0.09872
0.02713
0.12158
0.19402
0.18384
0.22046
0.27606
0.04729
0.0124
-0.10004
0.14088
0.07855
0.0753
0.09077
0.11029
0.16571
0.22168
0.17309
0.25943
0.30225
0.22233
0.06479
0.0949
0.03751
0.0252
0.02434
0.03091
0.12926
-0.01249
0.16101
0.05649
-0.07753
0.20892
0.09978
0.13011
0.13239
0.08625
0.0533
0.11148
0.16687
0.2751
0.27744
0.2616
0.26124
0.30794
0.21026
0.21627
0.16528
0.04732
0.10115
-0.01081
0.18654
0.12159
0.22011
0.21426
0.32947
0.28596
0.19379
0.17755
0.06957
0.10341
0.3078
0.30294
0.31414
0.27456
0.21677
0.16528
0.08162
0.10215
0.08449
0.19684
0.22159
0.27351
0.2
0.2
0.31696
0.24059
0.19975
0.12067
0.10791
0.10442
0.14151
0.18953
0.28811
0.27188
0.20371
0.31375
0.0646
0.17929
0.17378
0.12526
0.06993
0.31332
0.05078
-0.04324
0.06629
0.11343
0.12955
0.1342
0.15732
0.24817
0.31198
0.26752
0.35318
0.2769
0.03964
-0.04427
0.00246
0.07964
0.1347
0.13841
0.15148
0.24818
0.19446
0.3004
0.22977
0.31261
0.16675
0.18682
0.13373
0.10606
0.10777
0.14885
0.21662
0.23316
0.25839
0.25613
0.37624
0.3
0.23315
0.08211
0.08979
0.0616
0.07189
0.08061
0.1127
0.18499
0.19343
0.18665
0.31189
0.21374
-0.0666
0.16435
0.04075
0.08229
0.11317
0.1413
0.20589
0.24038
0.30294
0.28143
0.04807
0.30335
-0.09493
-0.02775
0.07674
0.09104
0.04153
0.06574
0.1059
0.15523
0.22413
0.21796
0.10821
0.19187
0.01453
0.06625
0.14159
0.14487
-0.01705
-0.12668
0.03969
0.09118
0.10884
0.07164
0.11399
0.04049
-0.05102
0.1456
0.16818
0.16425
0.19846
-0.08021
0.15411
0.10745
0.09338
0.09205
0.02208
0.13898
0.22561
0.04517
0.26658
-0.08498
0.2468
0.00338
0.06681
0.0944
0.04556
0.11665
0.10427
0.15226
0.21763
0.11163
0.20386
0.20521
0.22066
-0.14263
0.06704
0.09571
-0.00445
0.14756
-0.18126
0.03591
0.08595
0.14195
0.09097
0.09872
0.02713
0.12158
0.19402
0.18384
0.22046
0.27606
0.04729
0.0124
-0.10004
0.14088
0.07855
0.0753
0.09077
0.11029
0.16571
0.22168
0.17309
0.25943
0.30225
0.22233
0.06479
0.0949
0.03751
0.0252
0.02434
0.03091
0.12926
-0.01249
0.16101
0.05649
-0.07753
0.20892
0.09978
0.13011
0.13239
0.08625
0.0533
0.11148
0.16687
0.2751
0.27744
0.2616
0.26124
0.30794
0.21026
0.21627
0.16528
0.04732
0.10115
-0.01081
0.18654
0.12159
0.22011
0.21426
0.32947
0.28596
0.19379
0.17755
0.06957
0.10341
0.3078
0.30294
0.31414
0.27456
0.21677
0.16528
0.08162
0.10215
0.08449
0.19684
0.22159
0.27351
0.30316
0.33987
0.31696
0.24059
0.19975
0.12067
0.10791
