0.2315797
7.573618
4.331969
4.954604
1.178801
3.07354
7.221561
3.503876
1.757076
4.332161
20.14371
1.307507
1.101566
0.4849549
0.4534402
1.381384
3.486672
1.084341
5.160029
7.938257
3.435261
3.200948
15.38038
0.1276839
0.151832
0.2505685
0.2141564
3.153566
1.171936
0.971555
1.779487
17.74198
6.803691
1.934272
0.9802684
0.7426004
0.7674763
4.541442
1.643973
0.8798943
8.641554
1.418474
3.174353
6.727659
11.93342
44.27802
5.705726
0.251786
2.416817
0.3339591
2.815821
44.43481
26.98748
1.078053
1.05926
2.643415
9.690208
3.776357
0.1861769
0.6533089
0.3490281
0.1471292
2.316118
0.830512
11.45795
1.160671
5.978642
3.819688
8.254127
3.134389
8.550764
0.4606636
0.9258975
0.1961306
0.322176
3.734008
6.597353
0.3419625
0.3042219
3.619998
23.50813
13.27827
0.9523481
0.112225
24.95412
3.450214
0.1494214
0.6549522
10.89865
6.338453
2.131024
8.436044
15.46815
3.663038
24.43182
1.73713
0.3317234
0.3452676
2.87594
3.396486
3.269032
3.23391
4.523007
8.756417
11.91571
3.32348
6.852025
0.5601011
15.76013
1.176542
3.720255
0.09527977
1.27323
0.4639056
8.143655
7.312579
7.443969
7.337215
0.8297189
1.435948
0.3503159
3.334174
0.8875634
2.478685
11.28163
15.47728
0.8424089
3.854448
7.153205
3.269851
1.718119
0.8867552
0.3648841
0.1346378
0.3249489
3.535969
5.380277
4.502857
0.9631944
2.470454
7.346159
5.129864
0.2912794
8.53281
0.4435442
2.01678
7.163435
0.4074852
4.92961
0.8027141
8.291722
5.670809
10.3653
17.2406
0.6273751
1.818317
0.1342018
0.3792699
1.283701
1.291319
9.092763
6.099661
0.860938
6.852092
10.03867
8.129506
0.2129784
0.3926949
0.3529671
3.640906
1.637737
0.199685
2.863458
8.697507
1.931408
5.018576
3.792276
11.96818
0.2259443
0.2493357
0.1086735
0.4876922
2.413785
1.301339
9.088041
1.353345
4.698704
17.4136
6.638028
2.177042
3.892932
0.1705004
0.1639908
0.5246908
1.156359
0.2430512
2.08438
2.091925
2.499802
13.89244
16.60922
6.851513
2.40962
0.5534919
1.921484
0.7752386
0.1970705
0.7755732
3.813419
2.454139
34.61671
6.45445
7.52586
0.7335112
2.448215
4.295685
0.2099492
0.1173304
4.40378
1.173525
2.653384
5.286077
23.50002
2.135052
6.624429
3.550672
4.286576
0.3074748
2.188686
0.1108175
1.006759
1.640281
2.921294
1.554599
24.24874
11.66138
27.80535
2.682167
20.37888
0.2811832
3.071002
0.4911277
1.109955
1.708546
2.198501
3.149121
11.31372
4.025214
8.691478
6.799791
0.2363105
0.2440699
0.252767
1.041429
4.317156
2.355125
2.642041
0.9687581
1.231055
3.687102
11.53509
6.72472
0.8791881
6.629514
2.758882
1.010712
0.6329157
0.2561396
0.5887655
2.815347
5.239856
3.863219
37.17169
7.19363
3.164827
0.2789078
3.474086
0.9985801
0.2173058
6.791154
2.401396
4.531742
2.948546
5.805776
3.170969
4.780229
7.093491
0.6099442
4.681351
0.1467477
1.452093
4.069027
1.744236
2.332369
2.180092
2.870307
15.61416
2.5641
2.001863
0.9954268
1.289676
0.3731702
1.244765
0.5590963
1.786361
18.70511
8.478865
10.39313
23.28087
5.016053
0.2287268
0.2178897
0.2511565
1.126151
1.161345
2.599064
0.5811515
2.724486
2.25618
7.909509
15.38271
4.263388
0.6371454
0.7050505
55.15145
1.098616
0.7523755
3.770707
4.17893
4.657257
4.777259
4.549734
7.96242
8.358371
9.054739
0.136387
1.077354
0.570032
1.493353
8.920982
7.246001
1.628041
3.234062
7.179878
14.06893
4.654702
0.3828761
3.200404
0.07732451
0.3614246
1.977046
0.227962
1.887119
22.66648
2.951305
5.785401
4.159533
1.470169
0.6530629
1.697437
58.27022
3.717922
1.387553
0.7237652
10.67167
4.038505
11.31372
12.46005
20.50254
9.812886
8.56804
0.309941
0.1341245
0.1140901
0.4740223
43.77277
15.07338
3.101411
3.101506
5.729149
16.89421
7.204517
0.2518624
1.335315
1.045871
6.864994
2.277006
1.125728
1.127157
2.687069
3.854643
6.580675
9.250356
3.463183
0.5168275
0.09383482
38.63195
2.285769
0.380768
0.2497981
2.429669
26.0119
1.857238
9.877825
3.165091
2.305311
0.6101664
0.3067207
4.887509
0.1313174
1.456592
0.3060191
2.935045
4.179477
4.857649
20.76324
31.05632
5.216769
2.612928
2.222718
0.2315797
7.573618
4.331969
4.954604
1.178801
3.07354
7.221561
3.503876
1.757076
4.332161
20.14371
1.307507
