0.542
0.542
0.542
0.542
0.542
0.542
0.542
0.542
0.542
0.542
0.542
0.542
0.542
0.542
0.542
0.498
0.4765
0.4765
0.454
0.454
0.454
0.498
0.542
0.542
0.542
0.597
0.597
0.597
0.733
0.733
0.733
0.733
0.733
0.542
0.733
0.733
0.542
0.542
0.542
0.498
0.4765
0.4765
0.454
0.311
0.284
0.274
0.339
0.339
0.311
0.311
0.301
0.301
0.284
0.316
0.317
0.377
0.377
0.542
0.628
0.628
0.542
0.542
0.542
0.542
0.498
0.498
0.498
0.4765
0.461
0.498
0.498
0.542
0.498
0.498
0.4765
0.467
0.467
0.454
0.454
0.316
0.284
0.274
0.284
0.284
0.202
0.236
0.338
0.274
0.284
0.311
0.4765
0.4979
0.467
0.276
0.181
0.119
0.188
0.215
0.292
0.34
0.339
0.412
0.461
0.498
0.301
0.293
0.198
0.146
0.127
0.158
0.295
0.317
0.233
0.316
0.319
0.301
0.377
0.366
0.44
0.268
0.26
0.311
0.597
0.542
0.733
0.648
0.628
0.454
0.377
0.322
0.262
0.258
0.225
0.292
0.27
0.262
0.358
0.424
0.318
0.297
0.176
0.299
0.215
0.228
0.597
0.27
0.561
0.447
0.399
0.465
0.427
0.46
0.234
0.269
0.178
0.14
0.098
0.23
0.339
0.369
0.309
0.529
0.575
0.492
0.315
0.186
0.166
0.111
0.16
0.179
0.314
0.372
0.322
0.341
0.748
0.654
0.437
0.416
0.255
0.228
0.197
0.253
0.394
0.465
0.4
0.526
0.607
0.433
0.355
0.282
0.219
0.14
0.182
0.211
0.285
0.376
0.356
0.342
0.448
0.41
0.48
0.337
0.246
0.173
0.206
0.335
0.49
0.436
0.549
0.525
0.532
0.398
0.222
0.195
0.153107
0.150061
0.144354
0.164523
0.236541
0.228501
0.357752
0.369343
0.596568
0.483755
0.270677
0.152926
0.08847419
0.1006728
0.1520169
0.240347
0.274827
0.382296
0.4867688
0.4222536
0.4291465
0.318383
0.245
0.226
0.131
0.107
0.166
0.263
0.367
0.501
0.486
0.47
0.46
0.6
0.324
0.231
0.139
0.166
0.191239
0.273702
0.431702
0.471317
0.491321
0.374975
0.713854
0.457193
0.438278
0.190106
0.139706
0.203072
0.1180192
0.158822
0.221566
0.285617
0.395295
0.456458
0.4568
0.457574
0.285736
0.236515
0.149568
0.149204
0.212256
0.234328
0.467419
0.483302
0.608851
0.584703
0.53211
0.670049
0.345515
0.228412
0.195656
0.176322
0.1524
0.18612
0.37544
0.44299
0.59043
0.47974
0.45
0.51455
0.31958
0.32524
0.26048
0.29042
0.17387
0.25117
0.35116
0.33314
0.33314
0.51844
0.61522
0.53204
0.3743
0.1644
0.20894
0.17909
0.18222
0.1435
0.28077
0.37474
0.37474
0.55406
0.71817
0.44451
0.41843
0.22937
0.2182
0.16429
0.19479
0.2045
0.32936
0.43622
0.53339
0.54996
0.51279
0.6082
0.32926
0.26648
0.20142
0.14
0.1247
0.29313
0.29264
0.33252
0.39838
0.46245
0.37672
0.46866
0.34659
0.32113
0.18437
0.22179
0.19041
0.36565
0.44001
0.48948
0.48874
0.64718
0.44628
0.44137
0.33132
0.25768
0.17814
0.17459
0.20019
0.27468
0.36178
0.50301
0.50232
0.61547
0.77846
0.66453
0.24858
0.18077
0.16817
0.11261
0.14257
0.14976
0.32711
0.32378
0.41503
0.51364
0.36478
0.49277
0.30906
0.27906
0.25056
0.23284
0.1902298
0.310952
0.4686557
0.6446074
0.580217
0.7296277
0.569096
0.6698151
0.4515638
0.2678742
0.2204188
0.1391676
0.2130761
0.182879
0.344278
0.43067
0.5132157
0.5447384
0.5352981
0.5936346
0.3039257
0.2040732
0.1406325
0.1541532
0.1517393
0.2320051
0.2973341
0.3347398
0.3144288
0.4771042
0.3485038
0.4303875
0.2607908
0.2610156
0.1397273
0.1223964
0.166
0.178
0.265
0.507
0.45
0.481
0.525
0.549
0.288
0.271
0.142
0.122
