6.379372
1.953095
0.8950468
1.724121
2.491066
3.102564
0.6727743
1.251269
5.400542
2.532983
20.54862
1.055496
1.466104
30.65617
1.936785
0.9193071
5.306024
6.13546
7.526401
5.952176
52.68511
11.66861
9.077461
0.5107516
0.1123038
4.525065
0.3747603
0.9540843
3.761151
18.25764
2.086021
1.769263
2.902843
12.60577
2.323326
4.824226
0.03161368
10.93516
4.067535
1.662731
4.54309
8.701781
0.5457661
5.644945
57.8486
14.75596
25.19904
4.417118
0.3407218
23.38115
1.443941
0.3367626
0.8037034
5.663913
3.422235
3.357505
14.85935
5.039456
11.83658
0.02254495
0
0.08461585
4.498412
0.2789911
0.6298944
9.400503
9.870837
5.59514
36.56211
6.574663
1.734748
5.410793
0.5984205
0.08706575
4.624881
0.3172282
2.750897
8.100915
22.059
8.703522
22.51745
5.131705
6.751076
1.18573
0.01885049
0.02861878
0.5012539
0.4896994
1.169586
3.383416
2.688779
43.39738
58.96272
21.64588
7.094764
2.988735
0.3225346
0.4220841
2.453179
0.5614866
2.131892
0.5839124
1.187784
5.483786
3.179499
9.820524
2.474917
1.882578
1.816651
12.66136
2.544756
34.21725
3.076277
1.499644
1.345503
1.292335
100.3976
4.502938
3.518692
0.3309251
1.059311
6.084008
3.441191
17.55555
2.456046
7.428739
3.086833
3.769011
19.01989
5.088968
0.4271679
0.934261
0.6881166
3.434926
1.585179
0.3574703
1.298991
17.98714
1.448937
9.343028
18.18979
11.37508
4.251098
0.355191
0.01339399
0.888519
15.21991
0.3447686
1.983137
58.33967
11.15175
5.09912
76.23819
16.17286
3.954719
9.923736
0.2494559
0.4528573
1.152022
2.153008
1.019633
0.9268947
2.357433
10.36169
5.355456
2.338569
2.448975
1.675925
0.8078714
0.3853377
3.007646
0.6927457
1.235979
1.195903
2.243856
12.1347
22.59221
9.345881
1.388123
1.182807
0.6666071
7.073658
0.6783001
0.8958917
0.6854594
2.796291
2.260017
4.857729
56.35705
3.39501
6.047576
2.722768
4.504082
5.3741
6.422807
8.28845
11.68469
1.855228
14.30471
1.069646
2.004236
5.052167
4.66769
0.720007
3.534995
0.9818391
1.535537
0.1273066
0.9985103
0.939561
1.116371
1.325009
40.51898
5.233141
1.846185
0.928194
28.0256
0.05952152
6.112797
4.476929
2.962142
0.4281649
2.68739
3.001016
24.6957
2.60322
4.676819
0.9887278
5.788982
11.21466
6.856818
0.338441
8.083058
4.791222
8.740412
8.178143
10.92707
10.11076
2.047779
0.08152431
2.643868
13.0229
4.794666
14.48397
2.021071
1.419172
4.165282
1.795353
6.79867
19.42099
4.006378
0.9287375
6.166724
0.4564266
0.7311586
0.3829502
2.513329
5.476893
1.129443
1.961286
50.5657
2.427237
34.61856
0.0892094
0.568014
0.1029214
6.765511
0.3462092
0.3975536
2.10167
1.508973
20.66236
18.37502
29.23703
3.783517
0.2157868
5.93397
7.26104
14.51502
0.5295191
4.495019
16.47124
1.002129
2.956199
59.19855
8.079911
10.52093
6.922364
23.18269
1.407429
1.167758
1.246085
1.209555
1.441219
14.0143
13.44683
12.59849
5.946336
78.47887
2.424876
23.19881
0.04162996
1.297833
2.675109
0.5793893
1.635951
30.08594
4.073791
22.93736
0.2184604
1.496212
3.944729
7.303957
1.598951
0.1764264
1.073749
1.251564
15.09096
30.43875
5.723
23.25475
2.36621
13.59727
0.764494
0.1099116
3.545122
3.117742
6.0039
1.578485
3.30628
2.678416
8.101777
21.82686
3.958212
4.706792
0.2272604
94.06085
0.9922152
3.663578
0.4228574
1.928502
5.226649
0.8233658
0.8999486
11.58917
16.62875
11.00295
0.07551745
2.527192
0.2752597
2.238942
1.613461
6.18187
11.20525
21.90039
17.93731
74.37168
8.026277
1.974374
29.88399
5.441486
0.1900062
3.920654
0.05644735
2.360403
0.5601106
6.096561
18.55006
3.17561
3.341298
9.783662
0.06541482
1.559516
0.06425842
2.610358
92.81935
18.47991
0.8511095
1.983126
4.70867
5.422713
2.636855
0.5761007
0.8941946
4.411553
0.1300699
1.03838
0.9607803
3.851865
0.4426896
4.714362
9.511651
10.25498
3.423122
7.772
4.306408
12.22884
2.418954
1.216726
46.55283
12.80846
4.58778
1.312666
8.308113
9.223991
30.0274
7.156188
0.1630861
6.845541
1.349136
18.62682
107.6956
0.9829792
13.05994
5.698027
1.238977
1.648096
30.21399
1.004347
25.0768
6.379372
1.953095
0.8950468
1.724121
2.491066
3.102564
0.6727743
1.251269
5.400542
2.532983
20.54862
1.055496
