27.6966
16.2104
4.324
1.2328
73.89785
4.87715
8.7975
60.45205
22.9287
110.0493
42.5086
31.4686
44.90175
36.92995
32.683
222.5112
388.2135
363.9692
247.7917
236.5642
323.457
264.0917
156.7094
121.9874
36.1997
11.0676
5.2486
37.904
259.6458
121.6735
8.87915
0.4508
36.6229
65.8536
12.61435
23.1127
8.01205
31.61235
15.1202
2.7738
172.9324
229.4492
175.1174
236.9253
440.7133
304.7385
182.9846
143.152
187.3545
150.7098
30.8085
7.10125
41.38045
40.86985
55.6163
51.78105
362.1419
219.4349
128.317
69.07245
25.8796
19.47985
75.86435
106.628
102.2523
112.9794
68.89305
37.7292
28.9777
104.1831
81.32685
55.96705
55.00738
4.16875
2.57485
19.27975
118.6282
214.3358
17.21665
4.1216
292.8578
71.1666
74.1083
72.3465
73.63335
57.5345
16.37945
81.80985
214.3761
275.2387
155.0913
81.87425
330.8711
192.372
79.8422
44.9397
37.0898
26.33615
8.39845
8.62385
49.0452
51.7799
12.765
118.5374
873.0593
143.1555
66.93115
40.04645
29.2031
19.39245
7.69695
14.5084
5.2325
7.0564
25.9417
63.3213
83.6533
51.87305
10.9825
27.8346
13.2181
6.7735
3.02565
20.76325
5.36705
2.3115
4.42865
31.81015
125.7962
88.59485
21.13815
9.49555
11.01585
7.6314
1.79745
9.70025
34.64375
80.18375
63.7054
1.9987
129.191
58.006
22.80335
2.63005
75.33075
66.49875
16.7578
38.68715
84.42955
30.11275
3.3557
28.5085
15.9505
45.21225
45.23295
21.01855
13.4734
6.9138
11.28725
5.30725
58.5603
209.5956
37.28645
4.1791
64.9359
15.73085
10.672
5.96965
25.50815
9.9015
10.6628
7.8752
23.18055
24.05685
20.0951
9.6094
24.6261
15.0811
7.01155
4.7081
5.0232
1.0856
3.5167
6.6263
8.1259
36.62635
15.41345
53.8269
57.0032
16.68995
8.52725
6.6401
0
1.4467
1.16265
2.5668
0.2277
3.5834
2.9624
69.05635
24.0971
20.4907
4.91395
3.3212
2.46675
1.06375
32.5128
38.27545
39.08045
23.55315
5.85235
1.8883
25.3552
47.5226
6.63895
6.77695
4.49075
8.8987
9.71635
4.6713
0.5543
3.818
2.55185
17.7146
57.3183
34.0515
27.8369
4.5701
3.7858
3.16595
7.62565
4.92775
11.7346
28.2164
30.3554
45.02595
15.3801
22.5745
9.9958
10.02225
11.08485
5.6327
3.1648
5.7017
30.5072
39.284
6.4722
7.6613
46.34385
88.56955
12.1026
11.799
12.13365
13.3768
8.9815
7.87175
10.65015
36.6712
5.47975
5.8604
186.9946
24.8193
0
11.02965
9.4047
7.6038
5.957
8.5514
5.51195
14.5843
140.6473
11.1274
11.1274
67.781
65.9019
22.29275
23.15065
7.5739
18.40575
11.34475
28.1359
40.46275
57.2125
42.30275
160.3238
263.7709
64.5725
37.95115
22.56875
26.9077
43.5735
93.7618
22.9793
30.30135
27.80355
56.01765
154.1241
89.51945
44.1646
34.94275
30.0725
40.08785
32.913
0
34.6656
13.77585
237.429
39.9579
43.93805
87.0757
31.40075
22.66995
20.88975
14.84765
0
25.2632
35.44185
21.32215
24.51455
13.0778
166.0404
47.41565
30.3784
32.7359
33.97215
23.59455
15.83205
22.5239
70.90785
60.37385
147.66
68.45375
80.6334
30.97295
21.87875
14.39915
22.00525
13.97135
12.06925
15.7182
19.0463
5.2969
58.66955
129.8948
226.0428
0
19.7593
24.8607
25.5829
21.4199
23.70955
15.45025
24.357
21.19795
10.93305
16.9096
66.4654
35.08765
19.49135
42.1912
32.0896
24.1891
15.61125
86.07405
27.92315
136.2888
1134.714
264.163
392.8872
270.664
118.8433
71.90375
73.0112
54.23745
43.67125
31.9079
26.0912
21.6545
43.56775
24.6882
22.40775
41.1263
15.8194
29.4699
14.9661
31.06495
15.63195
21.3831
22.70675
22.6849
21.64875
13.7632
35.6937
23.4232
9.3196
43.55395
20.91505
8.04195
8.30185
11.35855
34.51035
16.8682
31.9424
22.79415
250.0525
71.31725
92.4784
91.29045
86.20745
61.10295
66.35385
37.22205
36.20085
30.682
21.91555
22.2893
109.4374
15.75168
37.21707
82.62303
27.6966
16.2104
4.324
1.2328
73.89785
4.87715
8.7975
60.45205
22.9287
110.0493
42.5086
31.4686
