0.470556
1.671715
10.16394
0.1282912
2.691884
1.384897
1.489017
11.94873
1.33022
2.152658
0.9380009
2.327534
0.004109068
1.30878
0.6325817
0.5925946
2.66059
10.29587
3.632771
4.761691
35.4655
16.08718
5.072158
0.2588968
5.012388
0.3809659
7.782261
0.1887452
4.931759
128.6065
1.545549
8.337307
2.568583
3.593524
2.359008
2.884011
0.003328514
0.1231483
0.8114864
0.2803461
3.73292
1.339848
4.09198
5.69643
89.4852
15.5031
16.15185
0.8744107
0.03251852
0.1253322
0.8290259
14.64207
0.5617756
0.9290998
1.624403
5.507904
49.55735
53.78726
1.490279
4.879377
2.470172
14.90442
0.7389291
0.4950617
1.718525
3.720191
3.244473
4.594975
20.67708
5.261597
2.795772
0.4296923
42.38059
0.1567965
0.6882168
2.870065
12.51164
49.37383
27.4242
1.439739
50.54649
0.4434777
19.80961
5.594852
0.2590041
8.030714
1.173201
0.7204429
2.584622
4.10384
3.990248
4.196089
13.44282
26.46126
1.400371
1.037099
0.1049783
0.8868344
0.3437606
4.91173
4.953367
4.677316
1.100283
10.08289
14.43387
20.88294
1.17012
1.280482
7.156528
1.118681
5.88229
0.4755685
2.478886
1.932731
7.383559
5.663574
12.60341
2.862477
0.7320626
0.3299108
2.340726
1.392398
0.6820078
0.1021568
3.050669
0.8090269
6.612796
7.590708
13.28603
3.581072
1.190657
2.740144
14.08218
0.4040828
1.003858
0.6009777
1.055403
5.652264
3.68101
2.439857
7.250331
7.005477
10.26459
0.163815
0.04852579
4.220724
3.316123
3.446875
1.138004
8.558965
3.555161
17.37952
3.20276
7.271625
28.53657
1.864037
19.62514
0.7484333
0.105686
0.2288995
1.353843
2.589129
5.113456
11.06718
10.48216
7.660385
0.5511831
19.41631
0.9774699
0.1276972
2.51215
0.1989938
2.081826
1.497612
17.45035
3.49981
17.02341
0.4120435
0.3625477
0.06348764
0.2639641
2.198294
1.860182
0.5341563
4.868027
3.383513
1.375314
42.25197
21.6599
80.42494
4.606203
0.6336126
2.835112
0.3319201
0.1757458
1.002444
3.400481
3.920266
4.798709
3.560453
18.4994
12.22799
44.09095
7.121855
1.154184
0.1050758
0.486781
0.7623599
4.870411
0.2837141
1.299724
4.776018
8.190342
2.512922
11.91081
6.423683
44.91319
2.968297
1.189822
0.2483196
2.841082
0.7177061
5.206446
13.38233
23.31742
6.699378
5.517723
10.69236
8.748073
0.08961816
0.3179296
0.460979
2.737885
11.96118
5.586038
9.918772
4.445784
8.601016
11.29215
0.2057708
6.622737
0.9674191
0.5165685
1.191185
2.506366
1.111873
3.455531
9.531352
3.521687
9.519709
13.70348
0.9788518
3.376964
0.5849694
1.572878
5.148626
0.9765097
4.173974
4.222923
3.940973
28.73111
16.84928
0.9744529
10.61906
6.46423
0.8754141
0.09870715
1.409586
2.429657
1.131118
1.482454
6.750507
8.408128
14.92468
2.691457
3.375723
1.616794
0.1328077
1.528896
24.31302
7.971361
7.001498
3.47205
5.957184
30.39362
11.79098
121.2296
0.2466984
1.282762
5.005948
1.230574
3.007191
14.66593
0.9902702
5.185973
8.306954
19.30661
38.10975
32.99779
21.61155
2.043263
0.1194753
9.780184
1.201544
0.4433822
1.092413
28.36773
15.32619
3.516549
1.619092
3.669342
46.45976
3.950118
2.86203
0.1149791
42.04938
5.204681
4.518321
4.514483
3.542244
17.68612
3.250629
15.13716
0.4695362
5.133329
2.922496
2.397125
2.072105
2.199821
3.988012
4.521269
13.6324
49.28028
43.21823
3.772564
3.021185
8.855851
5.579615
0.3851993
0.6641368
0.4380146
1.662298
2.31172
6.34816
15.66866
17.75349
17.38733
1.82499
10.19894
8.473335
3.494136
9.203035
1.849274
0.4411758
4.349785
20.05055
11.25518
8.503508
2.087703
16.75713
1.894161
2.167234
7.925056
30.48181
2.461565
1.212887
3.036332
55.9555
22.57479
71.95595
1.57114
0.4795891
2.590319
16.80073
17.32429
96.85297
2.505937
2.580018
25.95669
12.58707
29.22231
6.059788
1.653594
0.8030067
5.510393
0.4587632
0.742769
0.1974185
1.136018
1.215197
2.006189
1.714378
4.817438
2.35429
12.4852
3.835243
0.05040452
6.221112
0.5925471
0.9180926
1.09495
4.024454
6.120551
2.696863
25.67598
74.87731
0.6101978
5.316583
10.28463
1.766413
1.539474
4.727126
2.849017
2.325344
7.173677
1.895986
36.96298
15.57238
4.133491
0.7560571
0.470556
1.671715
10.16394
0.1282912
2.691884
1.384897
1.489017
11.94873
1.33022
2.152658
0.9380009
2.327534
