96.86403
866.699
1342.962
3056.496
369.3092
902.7446
586.6407
359.8612
1241.394
1560.561
753.6364
374.8946
276.1796
309.3753
338.1105
393.1267
218.777
2589.459
6128.749
1430.144
5418.259
1825.828
614.8109
701.959
232.8189
535.1261
423.391
473.2884
812.3604
1592.96
772.6196
1292.924
1834.168
679.7871
621.2569
310.864
133.0552
274.1467
273.0662
986.7999
124.529
1145.835
2715.283
1819.09
1887.297
2457.095
245.9782
97.44774
82.6794
646.991
171.2407
375.6726
304.5578
2334.012
2412.572
2018.104
4580.905
2433.991
539.9563
184.1809
600.2118
319.2336
178.9743
154.8593
1024.535
1020.548
2523.1
3719.969
2478.802
2544.683
585.9428
351.6148
299.0009
253.951
192.0707
54.82194
201.8003
1576.258
5900.942
666.655
1449.761
1224.704
339.4644
229.1325
138.6052
813.3786
439.0442
311.1191
160.1576
1183.026
2212.629
4338.234
1844.71
3208.297
558.0559
249.4644
470.439
574.1359
104.7573
272.7687
735.3315
1203.817
1836.337
2296.668
4424.86
1163.016
750.5024
1117.699
532.7648
100.302
564.5624
127.2877
349.5008
358.1429
640.7291
792.6376
3234.518
1371.555
151.2968
183.4649
239.8474
422.0758
105.6398
793.3474
168.0557
433.8576
2790.971
1986.362
2272.866
2242.771
3546.504
419.401
310.1064
584.5834
198.3516
94.3607
392.2354
427.0289
4958.51
1263.056
5798.8
6961.304
1831.211
589.2977
426.0593
715.1934
278.5868
258.9944
452.4387
3210.756
2415.686
2401.077
3205.075
1387.382
778.9963
486.0012
824.0106
206.9302
206.5198
260.0745
261.0552
3223.384
3651.713
2082.932
3553.806
4220.172
1907.216
675.4691
1275.367
509.8675
400.3958
259.4952
328.9265
449.9292
1592.054
981.5511
4733.24
1164.379
1471.522
210.8097
405.6628
181.2025
133.0893
578.2867
149.4119
1112.159
2253.599
1878.127
3831.697
1776.523
296.1781
240.6965
519.4348
354.7403
1193.022
395.9253
490.9326
245.2277
1718.014
2269.426
2311.33
4149.067
753.6301
351.2729
470.0339
1026.697
98.63825
511.1439
354.8475
710.6397
1237.989
1494.71
1880.542
2194.015
648.6055
327.9736
209.9994
452.28
191.1341
442.6264
3964.86
878.0641
531.2817
881.7572
4707.446
1084.322
359.442
275.4864
338.023
291.3551
540.0154
459.5309
776.682
1440.041
861.0462
497.5244
3005.399
1897.455
786.249
200.1191
369.1637
1451.902
1065.972
271.6199
129.5286
1584.683
691.7988
2390.937
3961.177
3032.126
630.2336
1444.16
1353.117
209.4391
246.5516
378.5382
317.9675
960.5298
936.9719
1595.637
2540.736
832.7581
593.8074
603.532
292.7246
201.982
465.7017
869.8223
708.5106
527.5968
1318.943
1873.093
1344.153
2365.078
592.4891
200.077
308.4665
411.7049
917.8012
864.6736
451.3238
223.0521
534.8111
1031.08
1646.438
1836.677
3732.252
1098.728
901.2359
413.9068
260.5593
1003.008
435.9086
969.7985
814.2913
1858.232
2120.614
4383.739
485.49
739.8218
539.3256
242.6478
334.7234
212.3868
327.0543
5344.062
2783.375
1757.991
1974.638
1599.276
687.7257
354.2489
799.0819
418.5723
269.6059
241.8753
248.2983
621.2074
820.5926
852.7497
1503.93
1633.48
285.1931
392.9762
252.5293
181.7271
181.8948
360.9412
575.7772
474.2541
5825.774
2149.91
3477.397
6625.419
441.2542
419.0258
740.9228
586.0776
1008.531
637.1057
235.1623
748.191
3292.839
595.695
5504.261
2377.689
141.7431
267.3826
959.0268
656.0763
145.6519
322.0625
446.4052
693.4032
1411.669
620.0318
934.3334
4210.405
912.8517
273.8
177.1222
76.90034
447.5995
176.15
586.114
1291.84
1222.765
3623.594
5046.669
4221.099
107.8412
712.7371
708.5003
253.6477
514.8355
147.0944
1489.817
387.2347
3553.22
1787.677
5242.935
449.1571
542.349
796.5484
265.8492
231.6047
551.4541
154.7977
478.4872
326.748
1141.12
1315.097
3701.722
2730.302
319.0294
390.3424
631.0837
671.2118
355.9483
239.8372
418.2459
813.3404
4192.406
804.568
3153.085
1710.848
745.0922
532.6683
682.6584
178.1117
280.5826
584.5505
588.2555
768.0406
4799.612
1364.331
3500.552
4597.096
433.9107
187.6129
96.86403
866.699
1342.962
3056.496
369.3092
902.7446
586.6407
359.8612
1241.394
1560.561
753.6364
374.8946
