7.985084
7.318222
190.5967
58.95367
14.68135
155.1621
53.46881
11.52268
95.68087
35.54293
15.52085
25.0532
5.561598
7.896224
3.327971
11.90697
30.18915
52.51344
21.61501
57.84203
185.7171
493.8303
54.16419
5.353729
93.825
1.18145
4.199342
1.144974
42.07672
59.46118
66.72945
43.65519
22.50113
39.25824
12.82319
2.87374
7.018202
4.95124
5.872261
12.64957
29.15723
112.2028
12.93214
40.83589
208.1495
86.44053
33.76569
40.0941
0.6780553
49.43812
38.48864
37.70985
6.521095
24.9297
4.036838
31.37165
446.1558
157.1196
71.6923
2.033035
7.897924
15.38304
6.520264
8.309682
20.03826
33.01605
140.8355
19.38776
18.07142
44.67776
113.9313
11.47898
94.61502
2.58756
13.3503
17.1677
22.45157
116.5621
99.64866
27.48794
130.0205
22.81905
9.525711
35.27984
46.90006
14.91509
29.21855
26.97466
25.53214
48.09583
31.48013
22.66322
191.7133
284.5086
142.5815
112.5329
1.457462
424.6096
20.05111
7.518826
3.492389
11.27056
5.061619
11.77752
589.5942
306.546
50.20737
2.714081
207.8813
46.31121
10.9175
10.3225
13.19453
135.8726
9.04686
28.82215
52.27129
40.95554
56.55593
17.85591
3.340201
6.194206
15.02095
16.73765
14.31953
0.8342565
130.0556
17.20109
47.60396
26.1392
119.9409
18.47105
114.8886
1.567572
5.463696
3.999511
9.159865
23.80961
87.94626
20.51778
98.8776
128.9782
22.57252
0.5962413
3.866662
11.11682
10.88239
43.29332
42.97002
66.38006
34.79488
5.393975
107.2692
72.22139
26.69582
3.572302
0.8669919
21.45187
7.421096
1.540577
97.72228
23.30904
43.27842
62.60031
337.2493
444.3014
70.65442
1.423139
38.67039
15.42611
2.698255
1.052493
13.86737
8.788713
59.84403
17.69335
223.7305
18.72804
109.8971
3.120848
3.559965
3.824451
8.407093
1.479933
51.85418
85.93218
30.11071
60.29861
345.7223
30.48745
4.146509
93.35403
3.659039
45.86678
3.479123
6.066148
18.76939
26.10245
10.11482
15.11542
105.6197
52.68073
47.69025
92.52594
9.415416
1.002892
4.642899
8.000371
20.02183
14.70279
36.23936
56.2647
71.24447
40.35467
19.3576
0.6447536
35.2773
1.808814
4.999554
5.620771
13.20589
59.50022
54.16133
73.54154
88.97907
33.62539
26.17856
10.5477
31.03084
10.83526
3.181964
5.227967
12.40383
17.41795
36.08319
51.41658
35.64934
11.53855
257.9969
8.633497
17.30502
25.80599
4.132812
6.751841
10.25966
12.30063
21.47694
46.44289
210.5094
192.9157
22.76157
0.813274
1.415833
46.47029
2.410534
1.78086
7.143508
12.94156
21.28954
26.13541
69.74387
53.1435
7.488791
18.22142
6.70182
0.5079776
2.212547
21.89462
13.87366
17.54765
18.90894
86.01765
48.04898
47.72508
79.94264
27.67787
39.87272
19.37561
5.228385
3.222342
5.674114
37.47856
11.5381
80.22738
57.50141
116.8138
121.3642
47.64991
131.676
6.006459
17.65429
349.0041
7.057811
35.52274
59.3188
47.95342
260.4676
1.937502
21.71492
41.74858
5.982895
10.30002
6.579846
4.902224
5.887046
172.5925
29.64865
250.1209
334.9017
32.87283
40.22524
27.40155
3.792712
8.709414
2.103311
24.43398
16.8986
14.80652
43.43035
102.7602
73.65122
137.1649
18.30092
3.61898
4.550291
4.860725
0.5273082
71.08139
63.21073
12.67564
15.45648
95.17944
75.89407
25.91653
10.05452
14.89807
1.205158
24.43555
18.24901
1.457475
11.32244
16.16292
63.88797
75.46998
915.4731
35.17151
64.13924
0.4707604
7.917289
707.3334
3.840162
11.44158
11.56778
35.48114
52.51654
8.428405
91.7959
179.3876
8.418376
31.70912
199.2856
22.34876
38.60006
60.70109
27.70355
6.365325
118.1745
50.33207
392.0701
50.23969
119.9295
1.424178
5.547549
1.281455
20.10197
164.571
82.96805
3.036168
61.22113
35.08379
124.6002
61.18037
10.41003
5.819267
16.76673
13.01375
2.652253
14.82224
11.67213
18.57363
41.05097
11.08687
63.43637
43.73007
3.946904
406.1093
3.244319
11.33681
1.115293
0.4255613
4.109408
11.04023
5.368363
6.997946
440.5306
166.9993
99.43388
1.245453
53.61608
9.86595
33.6834
11.29819
36.94327
10.97224
10.62529
26.9974
118.5654
109.0837
84.2453
4.186488
7.985084
7.318222
190.5967
58.95367
14.68135
155.1621
53.46881
11.52268
95.68087
35.54293
15.52085
25.0532
