6.259027
2.335751
28.98199
0.5354781
17.84529
46.36739
7.829381
89.73863
77.38413
354.3123
224.5532
6.554266
7.636678
33.10953
8.423541
1.222627
58.2731
514.1599
263.1966
270.7934
504.8182
411.1229
9.613388
129.5922
19.06613
3.888007
2.088691
47.45494
33.01131
70.8747
207.4076
130.528
39.07786
52.4265
4.750605
10.53382
1.075643
3.123808
3.073721
0.7005162
14.7642
24.50276
106.5078
122.6064
270.1153
118.9236
202.5385
29.95731
6.32423
382.4943
47.52593
6.442155
5.328319
89.77118
30.15614
703.8613
637.2957
465.2884
72.29526
15.28567
58.82421
2.689814
4.083064
37.35169
23.67678
125.6252
24.43668
43.44301
505.1702
81.5198
385.6693
4.606155
1.920549
7.59221
40.4036
3.314511
233.6577
166.8931
180.9748
208.8575
633.863
48.18948
150.1411
3.52628
5.696243
13.71967
68.8532
26.71909
29.41881
76.64425
28.14286
115.1295
410.804
91.51846
542.4858
6.205428
4.278291
3.120934
12.83812
69.11889
29.67456
62.30971
14.18546
46.77256
1202.38
11.2539
17.13397
4.797748
22.61718
6.842695
102.44
42.59385
325.4648
99.35874
9.52876
147.9656
176.4223
75.6463
7.973584
1.976397
112.062
68.51021
30.59699
17.0936
80.60364
230.8576
19.15076
105.5622
171.893
448.1087
191.2351
331.9808
44.91301
3.164509
53.9185
59.39054
20.00643
11.03732
399.8962
97.45446
154.6566
118.0606
252.9549
0.9125679
23.46332
378.5219
7.137099
11.93336
47.79435
1046.589
38.27105
20.41086
78.05387
53.81629
77.29951
41.59607
9.406019
48.91374
3.149119
16.94981
22.78488
73.20064
77.00537
12.88799
186.4857
217.8834
12.48704
53.21159
0.1654362
37.12509
13.19724
141.5379
4.73638
90.18862
25.9562
99.37938
124.3347
74.03625
65.29085
1.923581
480.035
12.91321
22.43496
2.228588
96.70551
37.19691
28.47901
96.13829
469.0921
51.75867
15.84122
17.46128
229.7394
91.34241
30.64966
1.1708
14.24529
37.26207
188.251
31.16537
510.18
49.81315
6.326392
75.76824
226.8587
6.196133
4.045858
3.483648
45.30586
13.90182
6.416189
40.35129
27.57469
39.4553
40.28335
1.910559
35.96486
6.764372
21.85875
155.9526
89.06121
79.31589
15.43189
60.8582
173.2359
63.83791
26.60054
20.23455
232.6342
119.559
62.19069
3.916939
7.28632
30.4773
95.27969
760.5405
180.4525
136.2873
15.2228
5.529277
5.524009
23.59108
21.92737
25.04739
45.82197
49.94127
187.7551
109.388
52.49996
67.25792
15.36501
5.734051
13.13652
17.46289
3.221132
1.136901
81.58075
15.35337
8.863449
112.4104
432.994
108.2081
6.168747
8.341786
894.2802
1.392421
13.74576
38.22775
18.55872
36.68042
19.05682
17.39148
200.2119
30.11865
1565.151
2.711444
11.04525
32.06682
9.072939
5.274155
7.440292
28.16734
176.4458
80.29133
229.0237
83.63724
13.4768
144.5446
14.63504
21.93403
13.63769
7.816845
69.55116
68.33335
26.85231
19.98267
85.11735
269.9239
56.31692
5.271581
106.8174
2.606489
6.65224
20.22225
6.410835
29.59595
27.53094
12.02782
376.6494
60.9977
128.108
2.357266
47.8933
29.72384
63.78799
26.15829
41.71838
19.59552
22.68988
59.06498
102.0409
56.87217
40.56859
2.869098
5.678643
8.778952
5.830187
6.578518
6.630769
20.22873
39.56298
25.78919
299.4231
362.5617
40.68621
78.94181
245.1658
11.44825
39.98521
5.672973
39.40926
10.50684
71.97589
169.433
252.7641
92.59602
35.21022
8.109016
27.24631
51.90717
19.15056
102.9776
16.80312
45.11224
1537.698
46.57234
148.0403
12.06562
30.98457
1.538234
6.142142
6.672429
18.51108
28.32078
26.44368
17.84367
1003.088
791.2166
840.3818
47.25737
631.624
2.56192
1.107145
219.4633
2.521416
24.13805
96.24637
47.31037
1596.581
81.92747
283.2947
19.77544
30.70058
15.59955
65.2303
37.63632
2.173459
15.17875
31.81574
9.399814
79.90267
494.7557
113.961
19.59385
1.535564
37.50791
8.343119
17.38584
26.52606
51.50197
46.81888
9.111382
985.246
11.33649
831.0888
145.4497
63.18983
8.166996
9.294366
220.4062
12.83696
124.6068
62.45444
92.35931
105.2336
139.0251
245.616
56.17208
938.357
110.0568
6.259027
2.335751
28.98199
0.5354781
17.84529
46.36739
7.829381
89.73863
77.38413
354.3123
224.5532
6.554266
